x=
10.0000,13.0290,15.6654,17.9567,19.8055,21.1087,22.1478,22.6515,22.9954,23.0134,22.7190,22.3123,22.2368,21.8189,21.3021,20.5959,19.9605,19.3990,19.3718,19.2562,18.9644,18.4371,18.6243,18.8928,19.1414,19.5330,20.1917,21.0602,22.1712,23.6484,25.5955,28.0294,31.0672,34.3875,37.9801,42.4520,47.4644,52.0641,57.0754,62.2277
2.0000,2.0564,1.7933,1.7747,1.6111,1.2246,0.7866,0.3160,-0.1645,-0.0450,0.2238,0.6602,1.4716,2.8390,4.6328,7.1465,10.2495,13.3281,16.8137,20.3607,24.2589,28.3459,32.8886,37.5267,42.1001,46.9140,51.9213,57.0416,62.7498,68.9656,75.8422,82.9050,90.4837,98.6904,107.1995,116.1287,125.5864,135.2751,145.6814,156.5975
5.0000,5.0139,4.9032,4.6658,4.5185,4.1853,3.9520,3.4769,3.1386,3.0395,2.7281,2.4718,2.4532,2.3437,1.9847,1.8903,1.9814,2.1640,2.1301,1.9821,1.9879,2.0245,2.3561,2.5975,2.7804,2.9450,3.1933,3.2836,3.7857,4.5407,5.3948,6.2502,7.0273,7.9294,8.9940,10.1366,11.0680,11.8311,12.6278,13.3595


mse=20.2815
y=
10.3118,13.8596,14.9894,17.7804,22.0261,21.2727,21.2710,24.3097,23.2136,23.9405,26.2328,24.6572,22.6388,22.7370,22.4084,20.2020,21.5524,18.9178,20.5365,21.8960,19.7319,16.7022,16.2251,17.9352,19.2378,19.1860,21.4888,19.2701,20.9940,24.9796,26.4535,29.9415,32.8739,35.3984,40.6020,48.6624,48.6520,50.8579,55.4019,62.4170
2.5575,4.7407,1.3783,1.0543,0.3813,2.0532,-0.2724,0.9639,3.1030,3.0316,1.4291,1.4029,3.4151,0.9914,4.6752,8.3856,13.2356,13.5252,16.1606,19.0699,25.2685,30.8993,28.6136,37.8133,40.6525,48.0820,50.9655,54.3523,63.2799,67.0949,76.4757,80.6578,87.8442,99.1831,106.2825,113.9150,123.9950,136.0705,148.6318,155.2521
8.3493,2.2045,6.2759,6.8358,5.7034,2.3280,2.2206,5.4514,2.4123,-0.3041,0.3495,1.9997,0.7913,6.1931,2.0080,3.4576,-0.1561,-0.0078,0.6381,-2.0360,1.0388,-1.2919,2.6407,2.1860,4.8482,0.7995,6.5369,1.5297,4.3087,3.7960,5.1906,3.6298,4.8234,7.7712,9.6123,11.0800,11.7153,12.4718,9.8689,15.2307



mse_filt=11.6243
xfilt=
10.2399,12.7183,15.4317,18.2906,21.4282,21.6522,21.5121,23.3538,23.2882,22.9038,23.6119,23.6672,22.6506,22.8724,22.3074,21.3053,20.6027,19.1254,18.8919,18.9356,18.6827,17.0038,16.3221,16.5931,17.8855,18.2452,20.3673,20.2203,21.1510,23.2576,25.4873,28.0715,31.0664,34.4510,38.9802,45.3576
2.4289,4.4668,2.0202,0.8780,0.0757,1.2416,0.1443,0.5455,2.2122,3.0790,2.5686,2.1785,3.0146,2.1592,3.5659,6.4752,10.9174,13.7355,16.6043,19.5838,24.3751,29.9835,31.6857,36.9939,41.2489,47.2340,51.8364,55.7218,62.1537,67.4769,75.0274,81.1626,87.8991,97.2571,105.9494,114.3380,123.7621,134.8794,147.2613,157.0666
7.5764,4.1392,4.4676,4.9742,5.5062,4.2269,3.2643,3.7605,3.2228,2.6311,2.7153,2.6147,2.0828,2.3708,2.1793,1.8973,1.6826,1.1884,1.3235,1.4744,1.5718,0.9741,1.0078,1.4209,2.2744,2.4550,3.5048,3.2534,3.5561,4.2766,4.9681,5.6385,6.4032,7.2996,8.5938,10.5088,11.2548,11.5947,11.7306,12.9402



mse_smooth=8.3794
xsmooth=
9.9925,13.4178,16.2488,18.5631,20.4050,21.8060,22.8256,23.5211,23.9226,24.0702,24.0027,23.7528,23.3645,22.8755,22.3048,21.6620,20.9780,20.2692,19.5821,18.9441,18.3914,17.9898,17.8039,17.8784,18.2261,18.8577,19.7909,21.0441,22.6508,24.6330,26.9861,29.7124,32.7974,36.2255,39.9693,43.9765,48.1867,52.5941,57.1966,61.9834
3.2514,2.6410,2.1012,1.6499,1.2935,1.0377,0.8787,0.8341,0.9118,1.1273,1.5251,2.1723,3.1322,4.4514,6.1783,8.3080,10.8128,13.6527,16.8105,20.2606,23.9757,27.9171,32.0634,36.4430,41.0409,45.8790,50.9730,56.3726,62.1319,68.2789,74.8627,81.9068,89.4550,97.5297,106.1267,115.2582,124.9319,135.1378,145.8545,157.0666
5.9263,5.6049,5.3042,5.0018,4.6877,4.3711,4.0708,3.7836,3.4949,3.2178,2.9654,2.7405,2.5391,2.3618,2.1811,2.0155,1.8610,1.7407,1.6586,1.6213,1.6583,1.7737,1.9801,2.2526,2.5847,2.9654,3.4154,3.9204,4.5036,5.1474,5.8477,6.5910,7.3763,8.1880,8.9984,9.7903,10.5703,11.3514,12.1381,12.9402
